v2.0 raw
002002
001028
000000
000000
000000
000000
000000
000000
002002
001028
000012
000048
000000
000000
000000
000000
002002
001028
000012
000408
008140
000000
000000
000000
002002
001028
000012
000408
008340
000000
000000
000000
002002
001028
000012
000084
000000
000000
000000
000000
002002
001028
000050
000000
000000
000000
000000
000000
002002
001028
004010
000000
000000
000000
000000
000000
002002
001028
200010
000000
000000
000000
000000
000000
002002
001028
400010
000000
000000
000000
000000
000000
002002
001028
000012
000408
018140
000000
000000
000000
002002
001028
000012
000408
028140
000000
000000
000000
002002
001028
000012
000408
008140
000000
000000
000000
002002
001028
000012
000408
088140
000000
000000
000000
002002
001028
100040
000000
000000
000000
000000
000000
002002
001028
000880
000000
000000
000000
000000
000000
002002
001028
000000
000000
000000
000000
000000
000000
